1,0.319693,0.17499,0.109847,0.0812446,0.0792298,0.0546176,0.0526821,0.0541719,0.0656739,0.024661,0.0406243,0.0221718,0.0140716,0.0150698
1,0.4468,0.158902,0.182242,0.210324,0.0769085,0.0239568,0.0345398,0.0519593,0.0345343,0.0212345,0.00846714,0.0141209,0.00670394,0.00753074
1,0.29208,0.132777,0.0921918,0.0384322,0.0575135,0.0630191,0.02872,0.0302648,0.0239806,0.0215288,0.0123269,0.0162748,0.0143679,0.00813915
1,0.321122,0.168625,0.134801,0.0975714,0.0657182,0.0499611,0.00826549,0.0325984,0.0232928,0.0171165,0.0122635,0.0110408,0.0065118,0.0121484
1,0.284209,0.170859,0.106021,0.0802518,0.0236394,0.0546812,0.0342726,0.0445417,0.0310959,0.032989,0.0260176,0.00913531,0.0199482,0.0118601
1,0.284586,0.316185,0.162625,0.144369,0.0396139,0.0526269,0.0436091,0.0590573,0.0340066,0.0255578,0.0243535,0.0228497,0.0149172,0.027927
1,0.215736,0.153624,0.130726,0.0573802,0.0494555,0.0488995,0.0436805,0.0345682,0.0217266,0.0216961,0.00679503,0.0110055,0.0115281,0.0142557
1,0.197883,0.198955,0.120724,0.053048,0.0735821,0.0362218,0.0104932,0.0177889,0.0145509,0.0127969,0.00701722,0.0107495,0.0197323,0.00381523
1,0.766901,0.166437,0.20024,0.14171,0.138043,0.114651,0.0665615,0.05394,0.053496,0.0354622,0.0294252,0.023173,0.0216474,0.0253277
1,0.0308917,0.213224,0.0767841,0.0694779,0.045714,0.0204371,0.0280047,0.0347272,0.0288203,0.00862955,0.0199283,0.0115652,0.0103334,0.00771829
1,0.391338,0.203361,0.0932697,0.0750344,0.119829,0.0592373,0.0456039,0.0189806,0.0240476,0.0148237,0.0128213,0.0192296,0.0200821,0.015753
1,0.194363,0.0704235,0.0555158,0.0312209,0.0225572,0.0245255,0.0278757,0.0190409,0.0107167,0.0136737,0.0110286,0.0101432,0.00814838,0.00757967
1,0.143613,0.119768,0.0354799,0.0336533,0.0235193,0.0376991,0.0396744,0.00900945,0.0199205,0.0132598,0.00822502,0.00413268,0.0100881,0.00348653
1,0.215269,0.329954,0.143535,0.146736,0.0362932,0.0462899,0.0432859,0.0252445,0.0503226,0.0269408,0.0257992,0.0300714,0.0152307,0.0216199
1,0.17069,0.125814,0.0827591,0.0444913,0.0344816,0.0292584,0.0192252,0.0220156,0.00878206,0.023619,0.0109441,0.007364,0.00624167,0.00756472
1,0.380511,0.14164,0.150513,0.0723441,0.0661487,0.0873709,0.0680663,0.0362507,0.0532371,0.0215626,0.0228912,0.00788339,0.0067426,0.0104203
1,0.101125,0.0690988,0.0673853,0.0629532,0.0359613,0.0289086,0.0141997,0.0103576,0.0168312,0.0168849,0.0205578,0.00589317,0.00570542,0.00505519
1,0.430433,0.11056,0.0788419,0.0838806,0.10269,0.0873883,0.0483476,0.0344335,0.022881,0.00825726,0.0216174,0.0171193,0.00479472,0.00815703
1,0.15881,0.143034,0.137323,0.052897,0.0142392,0.038354,0.017305,0.0190993,0.0159014,0.0137902,0.0105512,0.0108418,0.0124777,0.011701
1,0.412655,0.194811,0.151071,0.0752926,0.0483173,0.0679641,0.0368237,0.0332291,0.0154316,0.0336722,0.014625,0.0193126,0.0131179,0.00590264
1,0.204624,0.0308206,0.0542642,0.0415026,0.0211367,0.0226934,0.0163252,0.0194205,0.0102721,0.0169112,0.0059721,0.00836749,0.00494055,0.00152238
1,0.170974,0.134282,0.145958,0.0518576,0.0472346,0.0232537,0.0331424,0.0110839,0.00917087,0.0105347,0.0101351,0.00902731,0.00763367,0.00663304
1,0.31388,0.331706,0.175778,0.121718,0.0663762,0.0612946,0.0507342,0.033178,0.0464766,0.0408858,0.0230386,0.0153471,0.0139944,0.00695999
1,0.353337,0.258552,0.215862,0.0459683,0.0297933,0.0418077,0.0553083,0.00998914,0.0278274,0.00870328,0.0198671,0.0177236,0.0163615,0.0129252
1,0.183605,0.217112,0.0930358,0.0667145,0.0668821,0.0101308,0.0322524,0.015359,0.0339916,0.0180587,0.00985815,0.0168035,0.00926374,0.0186748
1,0.676511,0.129503,0.172294,0.0629617,0.0569386,0.093443,0.0912295,0.0458157,0.027846,0.0508678,0.0406236,0.0355125,0.0102024,0.0160556
1,0.395726,0.0723672,0.114613,0.119164,0.0798189,0.0515642,0.054623,0.0454774,0.0312642,0.00654954,0.0157646,0.0149034,0.0100604,0.0125923
1,0.350409,0.220081,0.168976,0.0896108,0.0701237,0.0663239,0.0487162,0.0403155,0.0210996,0.0386678,0.015508,0.0159242,0.0218976,0.0116718
1,0.0959032,0.235644,0.0642766,0.0726371,0.0269526,0.0276219,0.0357537,0.0182127,0.00761818,0.011039,0.0153375,0.0101934,0.00492216,0.00335646
1,0.19184,0.19163,0.121683,0.0574685,0.018692,0.0357821,0.040139,0.0458604,0.0114432,0.00980048,0.0178092,0.0125966,0.00791731,0.0121286
1,0.461348,0.19845,0.0703091,0.123604,0.0964211,0.0463604,0.0423665,0.0265012,0.0382156,0.0433725,0.0270894,0.0118879,0.0180017,0.0203033
1,0.259569,0.0892014,0.0797137,0.0876381,0.0605641,0.0309353,0.0375046,0.0216603,0.0128939,0.0307131,0.014532,0.0144349,0.0141755,0.0112522
1,0.711552,0.207965,0.306451,0.246838,0.186085,0.0374729,0.0710381,0.0374916,0.0407318,0.0291576,0.0209133,0.0217789,0.0259369,0.017125
1,0.670938,0.323587,0.169706,0.164826,0.127281,0.114733,0.0599672,0.107296,0.0489223,0.00817494,0.0442944,0.032755,0.0356041,0.0327287
1,0.271231,0.11595,0.150114,0.100483,0.0772505,0.0461413,0.0430448,0.0450676,0.0179742,0.0360977,0.0196331,0.0258359,0.00918209,0.00779835
1,0.757434,0.220255,0.289758,0.125619,0.162655,0.19351,0.0977682,0.0759704,0.0737282,0.0434534,0.0282909,0.0258417,0.0394898,0.00353874
1,0.696767,0.495436,0.2432,0.173957,0.0667176,0.111466,0.124318,0.0492931,0.0357366,0.045788,0.0258672,0.0414546,0.0219708,0.0116389
1,1.08033,0.275693,0.154981,0.230061,0.194061,0.122325,0.193443,0.0868673,0.111018,0.0880874,0.0599749,0.0421671,0.0485763,0.0383149
1,0.580939,0.318969,0.333092,0.284023,0.144307,0.0541142,0.0726718,0.0944684,0.0388306,0.0606326,0.066418,0.0483921,0.0399597,0.0357912
1,0.360693,0.436129,0.134988,0.0698886,0.0704637,0.076158,0.039658,0.0266456,0.0339753,0.0249888,0.0188207,0.0122211,0.0165344,0.0168096
1,0.971232,0.291747,0.302358,0.164117,0.114153,0.0701399,0.0988483,0.0383583,0.0510094,0.0937804,0.0618342,0.0165976,0.0575683,0.04533
1,0.884777,0.373809,0.269445,0.118744,0.158679,0.144792,0.114662,0.094045,0.0776196,0.0382811,0.0407636,0.0105337,0.0174881,0.0117297
1,0.671774,0.800014,0.296812,0.144104,0.293815,0.0768622,0.140618,0.229953,0.21835,0.026942,0.0294681,0.0694178,0.0670964,0.0239505
1,0.332119,0.289446,0.0643866,0.0454421,0.0927258,0.0494398,0.0546087,0.0370752,0.0276702,0.0405271,0.044806,0.0253773,0.0193185,0.0184377
1,0.704707,0.23828,0.151169,0.0356983,0.22487,0.186147,0.0936204,0.0462624,0.075933,0.0205583,0.0270151,0.0253923,0.0283327,0.0236398
1,0.612045,0.481282,0.201332,0.13794,0.0903302,0.125807,0.0901206,0.0457868,0.0404597,0.0793301,0.0457024,0.0177171,0.0275274,0.0383227
1,0.476655,0.119397,0.182465,0.156343,0.116487,0.148157,0.0591294,0.0733652,0.0808659,0.0385608,0.0328086,0.0287248,0.0171962,0.0207212
1,0.316578,0.257802,0.172624,0.0791589,0.0495267,0.0356345,0.0487951,0.0310914,0.056906,0.0358244,0.026,0.00789118,0.0162219,0.0123179
1,0.745205,0.415925,0.0966504,0.0881233,0.0909449,0.101192,0.162565,0.0340858,0.105218,0.0873987,0.0397371,0.0239952,0.0502109,0.0300297
1,0.37724,0.251934,0.0931906,0.137597,0.126682,0.0515992,0.0513234,0.0847285,0.0504908,0.0281202,0.0360558,0.0236368,0.0168133,0.0309283
1,0.259579,0.294213,0.171349,0.176804,0.155486,0.0550798,0.109487,0.0544896,0.0727819,0.0902749,0.0330837,0.0368008,0.0232703,0.0273605
1,0.706728,0.288575,0.172733,0.200635,0.284756,0.0687388,0.090863,0.0747708,0.0267017,0.0304492,0.0278255,0.0371714,0.0211787,0.0285624
1,0.429914,0.371018,0.14833,0.148049,0.0788324,0.0467288,0.0410115,0.0881979,0.0148622,0.0655972,0.0192262,0.0242208,0.0176994,0.0126539
1,0.73679,0.196262,0.156369,0.0626145,0.103526,0.140058,0.117161,0.0703475,0.1028,0.0629313,0.0210524,0.0161424,0.0262553,0.017203
1,0.510683,0.441003,0.148379,0.113417,0.0688494,0.0942823,0.0776538,0.0470874,0.0275485,0.0174027,0.0280136,0.0161413,0.0154236,0.0204995
1,0.490539,0.186924,0.112943,0.0788508,0.116349,0.103705,0.0863687,0.0619654,0.0573842,0.0222783,0.0255447,0.0223745,0.0246153,0.0183162
1,0.277643,0.109618,0.113867,0.09395,0.0999646,0.137359,0.0441122,0.124163,0.0900249,0.0238993,0.100163,0.0093619,0.0529597,0.0109224
1,0.485196,0.206383,0.260568,0.218219,0.105941,0.117603,0.0687685,0.0912702,0.0452543,0.0389043,0.0257099,0.0290581,0.0530051,0.0226301
1,0.574898,0.409872,0.102726,0.176039,0.131258,0.0620172,0.0861739,0.085287,0.0347543,0.0298758,0.0214437,0.0179397,0.0295315,0.0169505
1,0.409983,0.377695,0.0908945,0.0445148,0.0607969,0.02824,0.0691354,0.060136,0.0349457,0.0282693,0.0357867,0.0276704,0.0231538,0.0187735
1,0.648533,0.324634,0.174964,0.0941746,0.15954,0.0978303,0.0560998,0.0734272,0.106024,0.0378856,0.0241498,0.0267933,0.0226347,0.0202591
1,0.342631,0.182683,0.12175,0.240609,0.170427,0.145909,0.061532,0.0428459,0.0261181,0.0530405,0.00911921,0.0360126,0.0269379,0.0244721
1,0.450091,0.288854,0.211864,0.0974627,0.095178,0.0556042,0.0903713,0.0845575,0.0330187,0.0210465,0.0285857,0.013414,0.0154852,0.0125778
1,0.479154,0.278673,0.215741,0.289827,0.161181,0.0834648,0.0736603,0.0395833,0.0425035,0.042869,0.0428694,0.0350668,0.023625,0.0206886
1,0.140083,0.209238,0.0814027,0.105896,0.0769197,0.0430837,0.0283861,0.0414383,0.0374268,0.0184971,0.0329278,0.0170338,0.0111602,0.0155659
1,0.38499,0.319504,0.220546,0.204968,0.133184,0.0635072,0.0582125,0.0423772,0.0593818,0.034014,0.0225798,0.00772034,0.0202991,0.0218603
1,0.207886,0.43131,0.163922,0.147869,0.105334,0.0513522,0.0728149,0.0335789,0.046495,0.0158821,0.0398359,0.0354204,0.0181599,0.0206281
1,0.914312,0.393085,0.132452,0.173911,0.193438,0.160249,0.0493821,0.134939,0.113737,0.0412996,0.0343235,0.0376928,0.0118784,0.025616
1,0.462913,0.157604,0.20527,0.233466,0.161338,0.0139318,0.0732634,0.101296,0.0259742,0.0467759,0.0373394,0.0331484,0.00968272,0.0234648
1,0.248785,0.36442,0.255091,0.109564,0.116534,0.0688111,0.0362066,0.0219979,0.0331637,0.0374867,0.0202869,0.0138039,0.0112677,0.0177674
1,0.281539,0.384451,0.219854,0.10797,0.0911066,0.0801963,0.0724779,0.0604658,0.0274054,0.0455724,0.025923,0.0219329,0.0132234,0.00621207
1,0.613632,0.306416,0.222081,0.196076,0.0711586,0.0467502,0.0453946,0.050896,0.0267765,0.0246114,0.0198052,0.0218249,0.0158906,0.0122567
1,0.790449,0.179645,0.110145,0.0599841,0.181735,0.150598,0.106095,0.0353719,0.0346908,0.0143927,0.0205116,0.0379853,0.0364045,0.0110636
1,0.417267,0.35375,0.291561,0.153898,0.103512,0.111222,0.0544019,0.0421875,0.0464575,0.0437866,0.019644,0.0342712,0.0258349,0.0145821
1,0.717032,0.17491,0.441999,0.234336,0.193172,0.0924445,0.117029,0.0427087,0.0653898,0.0201999,0.0453469,0.0368293,0.0200243,0.0308624
1,0.758205,0.315109,0.321884,0.215261,0.175577,0.124365,0.112405,0.0795487,0.0601055,0.0418008,0.00660598,0.0166518,0.0326062,0.0172555
1,0.793517,0.356548,0.163651,0.0964015,0.206542,0.198424,0.0524834,0.107399,0.112694,0.0629198,0.0144718,0.0153671,0.0149715,0.00838249
1,0.374772,0.185977,0.0752346,0.170539,0.177332,0.123715,0.0659698,0.0316671,0.0346671,0.0390565,0.0306314,0.023278,0.0256942,0.0220925
1,0.491713,0.360079,0.0385317,0.0577608,0.139696,0.13279,0.0663546,0.119082,0.0482839,0.0892718,0.0401109,0.0465982,0.0111068,0.0342402
1,0.478621,0.360607,0.203331,0.1286,0.10129,0.123021,0.0389294,0.0472662,0.0362842,0.0469971,0.0391399,0.013584,0.0349193,0.0202073
1,0.272375,0.364337,0.111726,0.104179,0.056886,0.0341054,0.0599348,0.0239665,0.0142242,0.0114938,0.0184186,0.0240723,0.00685455,0.00884541
1,0.758563,0.31615,0.327173,0.383092,0.230308,0.0620687,0.112404,0.066513,0.058877,0.0681918,0.0296206,0.0313336,0.0174644,0.037618
1,0.732314,0.147124,0.286483,0.26461,0.0945379,0.0606221,0.0589622,0.0682454,0.0772706,0.0612581,0.0268329,0.031064,0.0158886,0.017659
1,0.681772,0.172506,0.397307,0.140976,0.127884,0.147454,0.0993412,0.0634707,0.0558446,0.069963,0.0376776,0.0175037,0.0299504,0.0477146
1,0.718991,0.090715,0.257298,0.0685157,0.301425,0.24926,0.139816,0.0871507,0.0318308,0.0334552,0.0178589,0.0424891,0.027858,0.0161796
1,0.406181,0.464013,0.182157,0.0752686,0.0967052,0.079652,0.0760477,0.0402325,0.0240953,0.00894723,0.0321435,0.0188143,0.0204766,0.0173397
1,0.444582,0.264331,0.248862,0.156282,0.109301,0.0741289,0.0642455,0.0590942,0.0269028,0.0238314,0.0287577,0.061664,0.0211922,0.0157837
1,0.257054,0.377597,0.309339,0.159564,0.0584761,0.12013,0.0782136,0.0437494,0.0256899,0.0143142,0.0523851,0.0338846,0.0197194,0.0304655
1,0.419692,0.338548,0.281101,0.170912,0.0827884,0.143421,0.0996864,0.0373424,0.0304612,0.0670766,0.0265257,0.0165091,0.0170901,0.0170476
1,0.707518,0.393091,0.207296,0.122747,0.238964,0.125191,0.0759486,0.106316,0.112313,0.0515821,0.0283907,0.0332897,0.0270469,0.0236645
1,0.301582,0.293105,0.155778,0.0555354,0.0596449,0.0344151,0.0459375,0.0330106,0.0236044,0.0271107,0.0256747,0.0254524,0.0176333,0.0141764
1,0.316565,0.229347,0.309698,0.148677,0.155013,0.0998463,0.10079,0.0556328,0.0273705,0.0311233,0.0258114,0.0299159,0.027517,0.0395508
1,0.450481,0.399721,0.192054,0.145453,0.0850649,0.0397344,0.0203515,0.0545722,0.0391495,0.0350626,0.0347532,0.0211508,0.0065959,0.02403
1,0.439386,0.363984,0.160268,0.155192,0.0736998,0.021978,0.0216975,0.0269736,0.050925,0.0253221,0.0368125,0.029726,0.0218612,0.00819302
1,0.414251,0.29023,0.123727,0.0679677,0.062136,0.0218962,0.0227307,0.028193,0.0102114,0.0344143,0.0248614,0.0193486,0.0193716,0.00790174
1,0.479436,0.323259,0.0955577,0.144965,0.0922834,0.0516782,0.0632542,0.0470479,0.047864,0.0236876,0.0262295,0.0218615,0.022608,0.0265446
1,0.277444,0.290468,0.198175,0.17294,0.106986,0.0555024,0.0554817,0.0251415,0.0393284,0.00719504,0.0247255,0.0150332,0.00629253,0.0185261
1,0.364046,0.118346,0.0604985,0.125891,0.0873794,0.048388,0.0923701,0.057629,0.0251377,0.0492398,0.0232382,0.0219096,0.0207594,0.0232864
1,0.419102,0.258269,0.184867,0.144261,0.123738,0.0662945,0.0299809,0.030207,0.027854,0.037117,0.00536337,0.0286581,0.0165251,0.00803833
1,0.368127,0.208205,0.230092,0.133606,0.116106,0.0481629,0.0806918,0.0800276,0.0424079,0.0399065,0.0391077,0.0230319,0.0269303,0.0175652
1,0.343999,0.191771,0.122926,0.0607856,0.0608562,0.0463403,0.033143,0.0312372,0.0308291,0.0130905,0.0282983,0.0192575,0.0129544,0.011737
1,0.443415,0.111711,0.0665527,0.0952802,0.153747,0.0776294,0.0382076,0.0266989,0.0332384,0.0155461,0.0521843,0.0194163,0.0183586,0.0325438
1,0.468134,0.127433,0.16547,0.104795,0.0872478,0.0697128,0.0360207,0.034121,0.0258361,0.0268894,0.0119731,0.017291,0.00953131,0.0152575
1,0.388851,0.251797,0.189936,0.104598,0.173851,0.0701547,0.109867,0.0519684,0.0866102,0.0382587,0.0213583,0.0460248,0.0198351,0.0153859
1,0.251274,0.230767,0.32469,0.200795,0.170793,0.0781478,0.0372523,0.0548913,0.0228684,0.0511863,0.0442097,0.0168945,0.0252868,0.0179819
1,0.510909,0.481061,0.113694,0.201007,0.12986,0.102767,0.0618382,0.06481,0.0747137,0.0492992,0.039268,0.0287683,0.0318332,0.014653
1,0.44968,0.163459,0.339239,0.136993,0.171806,0.0819558,0.0992477,0.0248176,0.0531418,0.0769221,0.0415939,0.01578,0.0356723,0.0357253
1,0.621317,0.252762,0.101554,0.0860753,0.0773668,0.0246487,0.0255445,0.0275994,0.0213536,0.0130418,0.019976,0.012263,0.0113746,0.00514407
1,0.58731,0.362776,0.14502,0.111984,0.122226,0.0449149,0.044316,0.014196,0.0414592,0.0229823,0.0314549,0.0319788,0.028013,0.0239334
1,0.686043,0.27549,0.235077,0.108324,0.078658,0.0673059,0.0942005,0.0387281,0.0732004,0.0112581,0.0232492,0.0413453,0.0370535,0.0237955
1,0.36875,0.31876,0.0596797,0.0501263,0.0666135,0.0365359,0.0238212,0.0242947,0.0302345,0.0206684,0.0140156,0.0162253,0.0151695,0.00867494
1,0.771075,0.351867,0.304535,0.160029,0.182414,0.111735,0.128366,0.0776894,0.0695648,0.0436655,0.00875561,0.0244585,0.0165004,0.0158016
1,0.501572,0.360786,0.112105,0.162747,0.0918294,0.0257282,0.051755,0.0333345,0.0527974,0.03889,0.0244487,0.0223524,0.031114,0.013392
1,0.514366,0.320376,0.183496,0.0942011,0.147461,0.113797,0.0624171,0.0388225,0.0547096,0.0361467,0.0423894,0.0130665,0.0474976,0.0450413
1,0.425552,0.363345,0.10625,0.0666669,0.109179,0.0764957,0.0467078,0.0211015,0.0634962,0.0131312,0.0157546,0.0149781,0.0129989,0.0225292
1,0.410147,0.352902,0.151965,0.183151,0.108899,0.0773208,0.0915519,0.0236633,0.0663104,0.0219806,0.0266899,0.0462318,0.025235,0.0451218
1,0.762516,0.273086,0.217119,0.0376729,0.0849818,0.103145,0.0395638,0.0165555,0.0168225,0.0246351,0.0239185,0.0276255,0.0249535,0.0175248
1,0.302624,0.155455,0.102258,0.0737224,0.0388705,0.047159,0.024836,0.0288798,0.0233797,0.0206341,0.0222172,0.0163919,0.0155401,0.0101567
1,0.38284,0.0910886,0.205035,0.153903,0.0740114,0.0439589,0.052016,0.0714901,0.0425887,0.0233796,0.0289474,0.0271505,0.0132662,0.00822768
1,0.443449,0.135219,0.287272,0.131286,0.0956889,0.0649224,0.0771534,0.0764479,0.0301575,0.0374544,0.0359186,0.0252997,0.0164822,0.0269971
1,0.12838,0.211425,0.0625133,0.132195,0.0482087,0.06422,0.0503825,0.0218344,0.0257506,0.0138584,0.0182067,0.012594,0.0198557,0.0122544
1,0.245021,0.204563,0.122008,0.090981,0.0230122,0.0538354,0.0283972,0.0404771,0.0152718,0.0249863,0.0214335,0.00585119,0.00779048,0.0168279
1,0.127907,0.22168,0.0909422,0.0919695,0.0806625,0.0651248,0.0436543,0.0519006,0.0250734,0.0196319,0.0260274,0.0192952,0.0265259,0.0123994
1,0.40319,0.257141,0.163713,0.148445,0.130848,0.107675,0.0486955,0.0259773,0.0157473,0.0309827,0.0336241,0.0526778,0.0298943,0.0122182
1,0.262731,0.137739,0.114768,0.0462131,0.0272353,0.0371416,0.0387736,0.0239939,0.024093,0.0246512,0.0191597,0.0157555,0.0128215,0.0156057
1,0.663382,0.449294,0.0661614,0.118623,0.0829567,0.102689,0.035347,0.0254609,0.045873,0.0110536,0.0318849,0.0224267,0.0265707,0.0252031
1,0.522903,0.330877,0.147596,0.143523,0.103477,0.108048,0.0485051,0.0349327,0.055672,0.0228918,0.0231257,0.0200902,0.0142833,0.0185633
1,0.919234,0.58575,0.288501,0.168603,0.248597,0.0915476,0.0836895,0.11907,0.0762771,0.105709,0.0776592,0.0528103,0.00625528,0.0454916
1,0.258992,0.125073,0.13889,0.13792,0.0539775,0.0564485,0.0564472,0.043234,0.023958,0.0315291,0.0391079,0.0312681,0.011174,0.00884589
1,0.247059,0.133896,0.168734,0.0834234,0.0724432,0.0332223,0.0514233,0.0142863,0.0336731,0.0144509,0.016526,0.0103085,0.0157254,0.0123986
1,0.321971,0.0884435,0.0946223,0.0161567,0.0411814,0.0340009,0.0247719,0.0202054,0.0213359,0.0147837,0.0151515,0.0102061,0.0125094,0.00736249
1,0.278946,0.196431,0.207499,0.137414,0.0803279,0.0354219,0.0375064,0.0426524,0.0203876,0.0255281,0.0171659,0.00833555,0.0216486,0.0155056
1,0.166702,0.268995,0.133116,0.0431291,0.0923368,0.072205,0.0995115,0.0517078,0.0321858,0.0235501,0.0219841,0.016954,0.0265846,0.0131193
1,0.417641,0.267396,0.249319,0.127584,0.143034,0.0710524,0.0431945,0.0450875,0.0346639,0.0743977,0.0161866,0.0265103,0.0169251,0.0119393
1,0.362463,0.158505,0.287431,0.14912,0.176999,0.140149,0.0739086,0.0814378,0.0474008,0.0648563,0.0153999,0.0285034,0.0159562,0.014233
1,0.265114,0.223707,0.15448,0.0868376,0.0782591,0.0789316,0.0334933,0.0321301,0.0165418,0.0283293,0.0133019,0.0169007,0.0162743,0.0152707
1,0.582896,0.277219,0.213902,0.0734604,0.0439418,0.0201292,0.0395935,0.0366748,0.0576826,0.0204903,0.021484,0.0157314,0.0182311,0.0149127
1,0.161748,0.174045,0.121928,0.0516079,0.0732017,0.0460362,0.0468751,0.0411632,0.0226932,0.0198441,0.0085039,0.0127646,0.0109841,0.0153227
1,0.482929,0.0676261,0.103303,0.099783,0.062336,0.0305791,0.0723686,0.0274452,0.0196042,0.018171,0.015206,0.0117879,0.0129133,0.0180926
1,0.309815,0.251471,0.135259,0.160686,0.10808,0.0219443,0.0334549,0.0214332,0.0268664,0.0318891,0.0251683,0.0249764,0.00894781,0.0138072
1,0.344248,0.326155,0.128986,0.170135,0.0983081,0.0921523,0.0276914,0.0558094,0.0373166,0.0200028,0.0443236,0.0264938,0.0109815,0.00818526
1,0.226068,0.0671141,0.0890845,0.0939829,0.0702366,0.0205482,0.054496,0.0232822,0.0124797,0.0224488,0.0161961,0.016018,0.00503515,0.0125972
1,0.329338,0.350454,0.223629,0.158787,0.126058,0.0450081,0.0469213,0.0255085,0.0152915,0.0491404,0.0222458,0.0302472,0.00934217,0.0114462
1,0.445432,0.52676,0.491313,0.121717,0.146509,0.0894698,0.0630788,0.0455992,0.0886303,0.0335797,0.0350643,0.0222452,0.0452747,0.0160682
1,0.287944,0.173161,0.221541,0.128109,0.0908103,0.0928336,0.0702844,0.0477756,0.0155943,0.0299089,0.016307,0.0231829,0.0125138,0.0254248
1,0.188835,0.332212,0.121331,0.0634052,0.0376241,0.0893389,0.0356892,0.0130008,0.0255417,0.0115354,0.0249802,0.0100938,0.019982,0.0191577
1,0.746855,0.582164,0.186901,0.0645798,0.0752265,0.0380054,0.0782381,0.0532178,0.141734,0.127429,0.11145,0.0434266,0.0254965,0.0123051
1,0.263035,0.193703,0.163649,0.135595,0.0516373,0.0417269,0.0185148,0.0383359,0.0267041,0.017873,0.0118199,0.0221212,0.00596838,0.0217955
1,0.208011,0.136916,0.157901,0.0843869,0.0715308,0.0798026,0.0257291,0.0298996,0.0115986,0.0247858,0.0161803,0.0210494,0.0228072,0.0211854
1,0.222464,0.216655,0.0753823,0.100684,0.0519784,0.0725222,0.0474867,0.0121957,0.0339695,0.0176462,0.0303988,0.0207622,0.0124577,0.0220884
1,0.17925,0.0799766,0.0510625,0.0705942,0.0677027,0.0478141,0.0273465,0.0349946,0.0330867,0.0254415,0.0145844,0.0120975,0.014746,0.0145514
1,0.230875,0.216382,0.100512,0.0754495,0.0359914,0.0392501,0.011347,0.0190722,0.0156103,0.00903287,0.0133358,0.0171796,0.014941,0.0090985
1,0.353386,0.315925,0.421827,0.139203,0.113557,0.0748383,0.0782107,0.0860664,0.087014,0.0305091,0.0430727,0.0320866,0.028398,0.0234414
1,0.425814,0.323799,0.258127,0.0803362,0.132047,0.0501931,0.0353216,0.0240857,0.0538414,0.0202752,0.022123,0.0197805,0.0239806,0.0202241
1,0.325484,0.253617,0.161894,0.122649,0.114621,0.0430629,0.027469,0.0495808,0.0420055,0.0301585,0.0158657,0.013556,0.0175803,0.0146806
1,0.235993,0.278594,0.15855,0.0915751,0.0495355,0.0592846,0.0296819,0.0419857,0.0113763,0.0339507,0.0219274,0.0313449,0.0174679,0.0142644
1,0.367586,0.165943,0.166669,0.11423,0.116686,0.0538794,0.0542211,0.0205153,0.0216337,0.029155,0.0195358,0.0202005,0.0192366,0.018237
1,0.277615,0.239752,0.214261,0.100712,0.0687847,0.0371494,0.0432714,0.0256038,0.0327384,0.0436185,0.0364554,0.0128834,0.0146169,0.0209828
1,0.257387,0.211834,0.204037,0.114419,0.0926377,0.0513528,0.0962045,0.0407461,0.0291771,0.0288246,0.0329686,0.0351355,0.0254006,0.0150444
1,0.408126,0.296775,0.198041,0.0851736,0.0965403,0.0420467,0.0310221,0.0510347,0.0174676,0.032618,0.0260126,0.0146973,0.0110897,0.00810034
1,0.254663,0.191382,0.127049,0.117527,0.0687226,0.0432816,0.0178147,0.019238,0.0320706,0.0227022,0.0375013,0.0218778,0.0273744,0.0120545
1,0.259536,0.161005,0.183519,0.0906087,0.0720764,0.0445877,0.0683468,0.0323377,0.0287152,0.0238614,0.011727,0.0296143,0.0217844,0.0139272
1,0.458555,0.224081,0.136697,0.0848833,0.115424,0.0547108,0.0497921,0.0331155,0.0453558,0.0270539,0.0105154,0.011508,0.0214411,0.0227737
1,0.722243,0.252268,0.205111,0.220084,0.0533626,0.147576,0.0969556,0.0555846,0.0389706,0.0435994,0.0160116,0.0185309,0.0192772,0.0117212
1,0.550837,0.295743,0.144941,0.161515,0.135527,0.0434133,0.048353,0.0533518,0.0226937,0.0182299,0.0171724,0.0185746,0.0200078,0.0246516
1,0.183451,0.280711,0.126017,0.0771431,0.0166386,0.0297798,0.0379146,0.0208769,0.0294406,0.0140334,0.0178226,0.0173976,0.0119086,0.0101455
1,0.227097,0.257318,0.226869,0.140971,0.0589105,0.067051,0.0201697,0.0211038,0.0279018,0.0258597,0.0238728,0.0117164,0.0108605,0.0141527
1,0.189253,0.278866,0.0925399,0.0542936,0.0230869,0.040843,0.0239359,0.00752761,0.0357026,0.0116508,0.0153818,0.01262,0.0129246,0.014174
1,0.439309,0.273458,0.16144,0.0955291,0.120179,0.104643,0.0825379,0.0622632,0.0249726,0.0447064,0.0483434,0.0320777,0.0302946,0.0222372
1,0.481881,0.112284,0.214487,0.206768,0.139612,0.0514231,0.0270746,0.0498398,0.0503722,0.0355309,0.0356832,0.0204509,0.0237293,0.0157796
1,0.232544,0.202939,0.114967,0.117656,0.0510384,0.0272134,0.0440735,0.0129741,0.0247302,0.0165311,0.0109964,0.0143419,0.0126353,0.00964021
1,1.87219,0.144788,0.105774,0.20863,0.129226,0.0435113,0.0410089,0.0374279,0.057935,0.0403644,0.0420897,0.049696,0.0468129,0.0320341
1,0.0663347,0.214306,0.0934663,0.0889243,0.0444789,0.0346283,0.0257569,0.044672,0.0134478,0.00519651,0.0192418,0.0061156,0.0185301,0.0140058
1,0.494825,0.227952,0.0965452,0.092567,0.133113,0.0955855,0.0255553,0.0422018,0.0487829,0.02629,0.0134447,0.0185083,0.0143703,0.0275123
1,0.485849,0.200503,0.193209,0.219776,0.102551,0.0861159,0.0579139,0.0326541,0.0489255,0.0486767,0.0591901,0.03429,0.0388846,0.0226817
1,0.329164,0.343134,0.354995,0.108773,0.181239,0.0327325,0.0740566,0.0622567,0.0310619,0.0220177,0.0200429,0.0441933,0.0342481,0.0138794
1,0.408284,0.375178,0.127549,0.135453,0.156886,0.110524,0.063058,0.0709273,0.0464029,0.0279787,0.0226721,0.0157156,0.0211317,0.012748
1,0.322045,0.206705,0.108887,0.0842399,0.10808,0.0568262,0.031973,0.023971,0.0155707,0.0203213,0.0316626,0.0130321,0.0256761,0.0148962
1,0.498595,0.228837,0.262717,0.0939917,0.0423304,0.0748858,0.0756242,0.0252603,0.0439213,0.0308633,0.00944462,0.0206819,0.0130358,0.0146893
1,0.399787,0.279527,0.100113,0.0403374,0.0705756,0.0619445,0.0285342,0.0248971,0.0274024,0.0195218,0.0105034,0.0215621,0.00777312,0.0108247
1,0.292445,0.20339,0.242153,0.125119,0.0834288,0.0300687,0.031105,0.0487426,0.0334565,0.0318815,0.019509,0.0238421,0.0148475,0.0100407
1,0.639447,0.317479,0.238,0.149114,0.236083,0.0682668,0.0534144,0.0207094,0.0343735,0.0281572,0.0479609,0.0426678,0.029419,0.0131981
1,0.504754,0.28079,0.140194,0.166155,0.0686888,0.0304435,0.022839,0.046682,0.0495245,0.0274371,0.0162863,0.0154784,0.0192676,0.0223026
1,0.482699,0.241908,0.135358,0.0529065,0.117233,0.137565,0.0196391,0.0605324,0.0441429,0.0149561,0.0181501,0.0253414,0.0247332,0.0107467
